1.31255E+01  -2.52328E+01 1.00000E+06 
1.15115E+02  -2.95768E+01 6.30957E+05 
1.01370E+02  2.94729E+01  3.98107E+05 
9.96395E+01  1.46539E+01  2.51189E+05 
1.13088E+02  3.60509E-02  1.58489E+05 
1.38203E+02  -1.31692E+01 1.00000E+05 
1.66631E+02  -3.32939E+01 6.30957E+04 
2.03222E+02  -6.91278E+01 3.98107E+04 
2.54944E+02  -1.34622E+02 2.51189E+04 
3.14122E+02  -2.74695E+02 1.58489E+04 
1.31853E+02  -4.02141E+02 1.00000E+04 
1.31557E+02  -6.21307E+02 6.30957E+03 
1.41927E+02  -9.76548E+02 3.98107E+03 
1.60965E+02  -1.53522E+03 2.51189E+03 
1.98831E+02  -2.41548E+03 1.58489E+03 
2.69228E+02  -3.80103E+03 1.00000E+03 
4.09056E+02  -5.97278E+03 6.30957E+02 
7.03908E+02  -9.38823E+03 3.98107E+02 
1.31764E+03  -1.46496E+04 2.51189E+02 
2.67176E+03  -2.29759E+04 1.58489E+02 
5.15455E+03  -3.47811E+04 1.00000E+02 
1.14839E+04  -5.41885E+04 6.30957E+01 
2.48206E+04  -8.07207E+04 3.98107E+01 
5.16427E+04  -1.14031E+05 2.51189E+01 
9.73541E+04  -1.43474E+05 1.58489E+01 
1.62761E+05  -1.66177E+05 1.00000E+01 
2.25018E+05  -1.62134E+05 6.30957E+00 
2.74930E+05  -1.39665E+05 3.98107E+00 
3.15371E+05  -1.27178E+05 2.51189E+00 
3.35135E+05  -1.12359E+05 1.58489E+00 
3.69861E+05  -9.92467E+04 1.00000E+00 
3.93904E+05  -9.53312E+04 6.30957E-01 
4.18845E+05  -9.81518E+04 3.98107E-01 
4.37531E+05  -1.03449E+05 2.51189E-01 
4.68755E+05  -9.99958E+04 1.58489E-01 
5.10705E+05  -9.11867E+04 1.00000E-01 
