-9.90294E+02 1.76873E+03  1.00000E+06 
-3.61004E+02 1.25624E+03  6.30957E+05 
-6.55064E+01 1.15268E+03  3.98107E+05 
6.95626E+02  1.73519E+03  2.51189E+05 
1.82541E+03  2.25546E+03  1.58489E+05 
2.02804E+03  1.74914E+03  1.00000E+05 
2.31227E+03  1.11721E+03  6.30957E+04 
2.85130E+03  3.69428E+02  3.98107E+04 
3.52930E+03  -6.93478E+02 2.51189E+04 
4.46485E+03  -2.64515E+03 1.58489E+04 
1.06478E+03  -3.73728E+03 1.00000E+04 
9.76962E+02  -3.53799E+03 6.30957E+03 
6.77579E+02  -3.59522E+03 3.98107E+03 
4.87891E+02  -3.72520E+03 2.51189E+03 
3.73559E+02  -3.81625E+03 1.58489E+03 
4.16420E+02  -5.01450E+03 1.00000E+03 
5.27638E+02  -6.78484E+03 6.30957E+02 
7.84799E+02  -9.43133E+03 3.98107E+02 
1.42901E+03  -1.45823E+04 2.51189E+02 
2.83923E+03  -2.26691E+04 1.58489E+02 
5.56691E+03  -3.55895E+04 1.00000E+02 
1.28363E+04  -5.35899E+04 6.30957E+01 
2.69376E+04  -7.85102E+04 3.98107E+01 
5.56341E+04  -1.08687E+05 2.51189E+01 
1.00763E+05  -1.33685E+05 1.58489E+01 
1.57749E+05  -1.46019E+05 1.00000E+01 
2.09856E+05  -1.34538E+05 6.30957E+00 
2.46443E+05  -1.16556E+05 3.98107E+00 
2.77912E+05  -1.08291E+05 2.51189E+00 
3.00156E+05  -9.90651E+04 1.58489E+00 
3.27559E+05  -9.40563E+04 1.00000E+00 
3.53255E+05  -9.15420E+04 6.30957E-01 
3.81692E+05  -9.31761E+04 3.98107E-01 
4.06453E+05  -9.57145E+04 2.51189E-01 
4.23847E+05  -8.42707E+04 1.58489E-01 
4.56275E+05  -6.87970E+04 1.00000E-01 
