1.76101E+01  -1.91415E+01 1.00000E+06 
9.70133E+01  -5.84138E+00 6.30957E+05 
7.45932E+01  3.34728E+01  3.98107E+05 
8.31167E+01  2.52386E+01  2.51189E+05 
1.16862E+02  1.84351E+01  1.58489E+05 
1.59393E+02  4.57056E+00  1.00000E+05 
2.20405E+02  -1.94603E+01 6.30957E+04 
3.44119E+02  -1.17910E+02 3.98107E+04 
7.03645E+02  -9.20199E+02 2.51189E+04 
7.21197E+02  -1.03634E+03 1.58489E+04 
5.92150E+02  -9.91212E+02 1.00000E+04 
3.21642E+02  -1.01494E+03 6.30957E+03 
1.55296E+02  -1.03739E+03 3.98107E+03 
1.40822E+02  -1.51402E+03 2.51189E+03 
1.94006E+02  -2.37655E+03 1.58489E+03 
2.89237E+02  -3.72109E+03 1.00000E+03 
4.77585E+02  -5.81041E+03 6.30957E+02 
8.36022E+02  -9.07327E+03 3.98107E+02 
1.54097E+03  -1.40673E+04 2.51189E+02 
2.99893E+03  -2.18505E+04 1.58489E+02 
5.89126E+03  -3.34569E+04 1.00000E+02 
1.28912E+04  -5.06235E+04 6.30957E+01 
2.62584E+04  -7.36145E+04 3.98107E+01 
5.16367E+04  -1.00616E+05 2.51189E+01 
9.19642E+04  -1.25193E+05 1.58489E+01 
1.42710E+05  -1.39599E+05 1.00000E+01 
1.95074E+05  -1.40568E+05 6.30957E+00 
2.33192E+05  -1.30399E+05 3.98107E+00 
2.74523E+05  -1.26610E+05 2.51189E+00 
3.07530E+05  -1.22464E+05 1.58489E+00 
3.31976E+05  -1.13127E+05 1.00000E+00 
3.73303E+05  -9.99705E+04 6.30957E-01 
3.82547E+05  -1.18263E+05 3.98107E-01 
4.26982E+05  -1.19902E+05 2.51189E-01 
4.98741E+05  -1.10865E+05 1.58489E-01 
5.59589E+05  -1.98986E+04 1.00000E-01 
