1.79255E+01  -1.64441E+01 1.00000E+06 
8.95745E+01  -1.20201E-01 6.30957E+05 
6.56140E+01  3.24950E+01  3.98107E+05 
7.40859E+01  2.37448E+01  2.51189E+05 
1.05603E+02  1.52863E+01  1.58489E+05 
1.46267E+02  -9.86945E-01 1.00000E+05 
2.06861E+02  -2.84078E+01 6.30957E+04 
3.35862E+02  -1.47398E+02 3.98107E+04 
6.77917E+02  -1.04065E+03 2.51189E+04 
7.02026E+02  -1.07291E+03 1.58489E+04 
5.89281E+02  -9.97413E+02 1.00000E+04 
3.04491E+02  -1.02050E+03 6.30957E+03 
1.27141E+02  -1.04622E+03 3.98107E+03 
1.39548E+02  -1.52020E+03 2.51189E+03 
1.93271E+02  -2.37091E+03 1.58489E+03 
2.94290E+02  -3.70689E+03 1.00000E+03 
4.98927E+02  -5.78504E+03 6.30957E+02 
8.85775E+02  -9.02105E+03 3.98107E+02 
1.70195E+03  -1.40076E+04 2.51189E+02 
3.38923E+03  -2.15583E+04 1.58489E+02 
7.15295E+03  -3.31485E+04 1.00000E+02 
1.47427E+04  -4.89341E+04 6.30957E+01 
2.95795E+04  -6.94612E+04 3.98107E+01 
5.53281E+04  -9.08352E+04 2.51189E+01 
9.12518E+04  -1.06788E+05 1.58489E+01 
1.32794E+05  -1.15045E+05 1.00000E+01 
1.69534E+05  -1.15430E+05 6.30957E+00 
2.03728E+05  -1.14644E+05 3.98107E+00 
2.37404E+05  -1.15815E+05 2.51189E+00 
2.70587E+05  -1.16310E+05 1.58489E+00 
3.03133E+05  -1.17182E+05 1.00000E+00 
3.44230E+05  -1.10761E+05 6.30957E-01 
3.80909E+05  -1.12389E+05 3.98107E-01 
4.30077E+05  -1.08184E+05 2.51189E-01 
4.49895E+05  -9.37211E+04 1.58489E-01 
4.80774E+05  -8.51987E+04 1.00000E-01 
