1.70159E+01  -1.41523E+01 1.00000E+06 
7.88846E+01  4.74605E+00  6.30957E+05 
5.73557E+01  3.02740E+01  3.98107E+05 
6.68971E+01  2.04150E+01  2.51189E+05 
9.71376E+01  9.81236E+00  1.58489E+05 
1.37483E+02  -1.01921E+01 1.00000E+05 
2.01123E+02  -4.24926E+01 6.30957E+04 
3.36988E+02  -1.88413E+02 3.98107E+04 
6.69172E+02  -1.13084E+03 2.51189E+04 
6.44859E+02  -1.11905E+03 1.58489E+04 
5.52217E+02  -1.01245E+03 1.00000E+04 
2.81519E+02  -1.02395E+03 6.30957E+03 
1.16461E+02  -1.05948E+03 3.98107E+03 
1.35753E+02  -1.56578E+03 2.51189E+03 
2.02249E+02  -2.44327E+03 1.58489E+03 
3.22411E+02  -3.81505E+03 1.00000E+03 
5.63516E+02  -5.94315E+03 6.30957E+02 
1.02172E+03  -9.24089E+03 3.98107E+02 
1.99656E+03  -1.42846E+04 2.51189E+02 
3.99774E+03  -2.18781E+04 1.58489E+02 
8.60640E+03  -3.29159E+04 1.00000E+02 
1.71903E+04  -4.79384E+04 6.30957E+01 
3.32056E+04  -6.58400E+04 3.98107E+01 
5.79480E+04  -8.22357E+04 2.51189E+01 
8.92320E+04  -9.28864E+04 1.58489E+01 
1.21603E+05  -9.73555E+04 1.00000E+01 
1.53162E+05  -9.89596E+04 6.30957E+00 
1.83280E+05  -1.01269E+05 3.98107E+00 
2.15276E+05  -1.06013E+05 2.51189E+00 
2.36701E+05  -1.08603E+05 1.58489E+00 
2.72205E+05  -1.07282E+05 1.00000E+00 
3.14602E+05  -1.06968E+05 6.30957E-01 
3.06519E+05  -1.46862E+05 3.98107E-01 
3.79685E+05  -7.72187E+04 2.51189E-01 
4.05816E+05  -7.46164E+04 1.58489E-01 
4.31518E+05  -6.72379E+04 1.00000E-01 
