1.70325E+01  -1.18806E+01 1.00000E+06 
7.31852E+01  7.18049E+00  6.30957E+05 
5.18641E+01  2.82912E+01  3.98107E+05 
6.14669E+01  1.87039E+01  2.51189E+05 
9.04198E+01  7.66822E+00  1.58489E+05 
1.29555E+02  -1.28657E+01 1.00000E+05 
1.90887E+02  -4.65956E+01 6.30957E+04 
3.27628E+02  -2.06881E+02 3.98107E+04 
6.41369E+02  -1.20305E+03 2.51189E+04 
6.36466E+02  -1.14380E+03 1.58489E+04 
5.68020E+02  -1.01250E+03 1.00000E+04 
3.10562E+02  -1.02058E+03 6.30957E+03 
1.56163E+02  -1.03592E+03 3.98107E+03 
1.27858E+02  -1.54778E+03 2.51189E+03 
1.94645E+02  -2.42196E+03 1.58489E+03 
3.23730E+02  -3.78344E+03 1.00000E+03 
5.96641E+02  -5.89928E+03 6.30957E+02 
1.13141E+03  -9.15000E+03 3.98107E+02 
2.26129E+03  -1.40683E+04 2.51189E+02 
4.70571E+03  -2.14167E+04 1.58489E+02 
9.60968E+03  -3.14598E+04 1.00000E+02 
1.93260E+04  -4.46292E+04 6.30957E+01 
3.51774E+04  -5.84695E+04 3.98107E+01 
5.69381E+04  -6.97201E+04 2.51189E+01 
8.13428E+04  -7.66428E+04 1.58489E+01 
1.05982E+05  -8.23591E+04 1.00000E+01 
1.30449E+05  -8.69213E+04 6.30957E+00 
1.55398E+05  -9.48942E+04 3.98107E+00 
1.83585E+05  -9.97375E+04 2.51189E+00 
2.16563E+05  -1.09995E+05 1.58489E+00 
2.53897E+05  -1.14025E+05 1.00000E+00 
3.16494E+05  -1.27756E+05 6.30957E-01 
3.47220E+05  -1.13314E+05 3.98107E-01 
3.69878E+05  -1.18623E+05 2.51189E-01 
4.38792E+05  -7.48092E+04 1.58489E-01 
4.31346E+05  -7.31077E+04 1.00000E-01 
