-1.61333E+03 9.89191E+02  1.00000E+06 
-8.72285E+02 1.25149E+03  6.30957E+05 
1.46276E+03  1.86306E+03  3.98107E+05 
1.36276E+03  2.77111E+03  2.51189E+05 
1.54576E+03  2.49883E+03  1.58489E+05 
2.02558E+03  2.00023E+03  1.00000E+05 
2.82249E+03  1.41468E+03  6.30957E+04 
5.22253E+03  -3.24003E+02 3.98107E+04 
1.26239E+04  -1.16261E+04 2.51189E+04 
9.64036E+03  -1.16972E+04 1.58489E+04 
8.42095E+03  -1.03352E+04 1.00000E+04 
4.36132E+03  -1.12991E+04 6.30957E+03 
2.10615E+02  -9.64866E+03 3.98107E+03 
9.82717E+02  -9.19194E+03 2.51189E+03 
8.53827E+02  -8.57076E+03 1.58489E+03 
9.20992E+02  -8.99312E+03 1.00000E+03 
1.10522E+03  -9.63784E+03 6.30957E+02 
1.70398E+03  -1.19770E+04 3.98107E+02 
2.96471E+03  -1.58725E+04 2.51189E+02 
5.48919E+03  -2.13254E+04 1.58489E+02 
1.12277E+04  -3.02255E+04 1.00000E+02 
2.12554E+04  -4.12252E+04 6.30957E+01 
3.62227E+04  -5.11888E+04 3.98107E+01 
5.45551E+04  -5.85960E+04 2.51189E+01 
7.31197E+04  -6.38614E+04 1.58489E+01 
9.19958E+04  -7.01463E+04 1.00000E+01 
1.11406E+05  -7.71816E+04 6.30957E+00 
1.33612E+05  -8.73352E+04 3.98107E+00 
1.59709E+05  -9.82460E+04 2.51189E+00 
1.90139E+05  -1.10879E+05 1.58489E+00 
2.28832E+05  -1.21761E+05 1.00000E+00 
2.72421E+05  -1.29382E+05 6.30957E-01 
3.14369E+05  -1.34444E+05 3.98107E-01 
3.72502E+05  -1.26005E+05 2.51189E-01 
4.11746E+05  -1.09702E+05 1.58489E-01 
4.54348E+05  -8.91365E+04 1.00000E-01 
