1.66908E+01  -9.91610E+00 1.00000E+06 
6.34612E+01  9.83221E+00  6.30957E+05 
4.49934E+01  2.60056E+01  3.98107E+05 
5.42905E+01  1.66095E+01  2.51189E+05 
8.11093E+01  5.11170E+00  1.58489E+05 
1.18040E+02  -1.61009E+01 1.00000E+05 
1.76381E+02  -5.30066E+01 6.30957E+04 
3.12281E+02  -2.34253E+02 3.98107E+04 
6.06948E+02  -1.31128E+03 2.51189E+04 
6.20571E+02  -1.17809E+03 1.58489E+04 
5.69619E+02  -1.01615E+03 1.00000E+04 
2.84458E+02  -1.02997E+03 6.30957E+03 
1.17525E+02  -1.04039E+03 3.98107E+03 
1.22499E+02  -1.51499E+03 2.51189E+03 
1.97480E+02  -2.37009E+03 1.58489E+03 
3.51766E+02  -3.70786E+03 1.00000E+03 
6.96791E+02  -5.76777E+03 6.30957E+02 
1.42116E+03  -8.92355E+03 3.98107E+02 
3.00336E+03  -1.35577E+04 2.51189E+02 
6.23419E+03  -2.00162E+04 1.58489E+02 
1.24095E+04  -2.81893E+04 1.00000E+02 
2.25471E+04  -3.60710E+04 6.30957E+01 
3.55912E+04  -4.24528E+04 3.98107E+01 
4.94963E+04  -4.71953E+04 2.51189E+01 
6.33200E+04  -5.15154E+04 1.58489E+01 
7.75039E+04  -5.71310E+04 1.00000E+01 
9.36423E+04  -6.51510E+04 6.30957E+00 
1.11939E+05  -7.49872E+04 3.98107E+00 
1.34533E+05  -8.87488E+04 2.51189E+00 
1.61673E+05  -1.03224E+05 1.58489E+00 
1.97827E+05  -1.15610E+05 1.00000E+00 
2.41289E+05  -1.25250E+05 6.30957E-01 
2.88368E+05  -1.28682E+05 3.98107E-01 
3.35022E+05  -1.19273E+05 2.51189E-01 
3.78047E+05  -1.12253E+05 1.58489E-01 
4.21467E+05  -8.82052E+04 1.00000E-01 
