1.58499E+01  -8.99758E+00 1.00000E+06 
6.21134E+01  1.05579E+01  6.30957E+05 
4.27788E+01  2.44499E+01  3.98107E+05 
5.25688E+01  1.52052E+01  2.51189E+05 
7.91708E+01  2.93040E+00  1.58489E+05 
1.15802E+02  -1.92717E+01 1.00000E+05 
1.77149E+02  -5.48850E+01 6.30957E+04 
3.10282E+02  -2.53669E+02 3.98107E+04 
5.59789E+02  -1.35083E+03 2.51189E+04 
5.94478E+02  -1.19327E+03 1.58489E+04 
5.74301E+02  -1.01219E+03 1.00000E+04 
2.85948E+02  -1.02875E+03 6.30957E+03 
1.11924E+02  -1.04890E+03 3.98107E+03 
1.32649E+02  -1.52154E+03 2.51189E+03 
2.27391E+02  -2.37618E+03 1.58489E+03 
4.25362E+02  -3.70577E+03 1.00000E+03 
8.66467E+02  -5.73279E+03 6.30957E+02 
1.79714E+03  -8.76255E+03 3.98107E+02 
3.80212E+03  -1.30164E+04 2.51189E+02 
7.59088E+03  -1.85025E+04 1.58489E+02 
1.40973E+04  -2.40993E+04 1.00000E+02 
2.28721E+04  -2.89919E+04 6.30957E+01 
3.25485E+04  -3.24284E+04 3.98107E+01 
4.22334E+04  -3.55180E+04 2.51189E+01 
5.21356E+04  -3.94448E+04 1.58489E+01 
6.28100E+04  -4.45333E+04 1.00000E+01 
7.51670E+04  -5.19721E+04 6.30957E+00 
9.00435E+04  -6.16087E+04 3.98107E+00 
1.08788E+05  -7.33868E+04 2.51189E+00 
1.33554E+05  -8.56374E+04 1.58489E+00 
1.65044E+05  -9.62454E+04 1.00000E+00 
2.02265E+05  -1.02618E+05 6.30957E-01 
2.40064E+05  -1.05530E+05 3.98107E-01 
2.79386E+05  -9.56273E+04 2.51189E-01 
3.07625E+05  -7.95836E+04 1.58489E-01 
3.22410E+05  -4.56384E+04 1.00000E-01 
