-1.83368E+03 9.61482E+02  1.00000E+06 
-8.37177E+02 1.08021E+03  6.30957E+05 
1.49951E+03  1.57743E+03  3.98107E+05 
1.32994E+03  2.35995E+03  2.51189E+05 
1.46841E+03  2.12492E+03  1.58489E+05 
1.90082E+03  1.68051E+03  1.00000E+05 
2.63358E+03  1.26888E+03  6.30957E+04 
5.16511E+03  -7.92257E+02 3.98107E+04 
1.25241E+04  -1.34327E+04 2.51189E+04 
9.36860E+03  -1.24145E+04 1.58489E+04 
8.07465E+03  -1.06818E+04 1.00000E+04 
4.59543E+03  -1.13379E+04 6.30957E+03 
1.07879E+03  -9.68311E+03 3.98107E+03 
1.24367E+03  -9.19968E+03 2.51189E+03 
1.25503E+03  -8.53703E+03 1.58489E+03 
1.49598E+03  -8.87863E+03 1.00000E+03 
2.01855E+03  -9.31911E+03 6.30957E+02 
3.22380E+03  -1.08317E+04 3.98107E+02 
5.67134E+03  -1.34923E+04 2.51189E+02 
9.29194E+03  -1.58688E+04 1.58489E+02 
1.43338E+04  -1.81005E+04 1.00000E+02 
2.01549E+04  -1.98799E+04 6.30957E+01 
2.61381E+04  -2.17414E+04 3.98107E+01 
3.22260E+04  -2.40092E+04 2.51189E+01 
3.87493E+04  -2.71788E+04 1.58489E+01 
4.61756E+04  -3.14649E+04 1.00000E+01 
5.48625E+04  -3.67473E+04 6.30957E+00 
6.56281E+04  -4.33146E+04 3.98107E+00 
7.98103E+04  -5.09339E+04 2.51189E+00 
9.81104E+04  -5.78597E+04 1.58489E+00 
1.20030E+05  -6.05545E+04 1.00000E+00 
1.43010E+05  -5.77803E+04 6.30957E-01 
1.62227E+05  -5.08159E+04 3.98107E-01 
1.78290E+05  -4.08005E+04 2.51189E-01 
1.93319E+05  -3.19865E+04 1.58489E-01 
1.96623E+05  -2.33112E+04 1.00000E-01 
