1.66641E+01  -6.45276E+00 1.00000E+06 
5.43560E+01  1.33554E+01  6.30957E+05 
3.70716E+01  2.35748E+01  3.98107E+05 
4.63700E+01  1.42241E+01  2.51189E+05 
7.08918E+01  1.92048E+00  1.58489E+05 
1.05482E+02  -1.99636E+01 1.00000E+05 
1.61251E+02  -5.83146E+01 6.30957E+04 
2.91198E+02  -2.59388E+02 3.98107E+04 
5.42274E+02  -1.42403E+03 2.51189E+04 
5.97694E+02  -1.20866E+03 1.58489E+04 
5.89067E+02  -1.00564E+03 1.00000E+04 
3.51323E+02  -1.01754E+03 6.30957E+03 
1.45290E+02  -1.02285E+03 3.98107E+03 
1.85097E+02  -1.43552E+03 2.51189E+03 
3.41239E+02  -2.22111E+03 1.58489E+03 
6.96245E+02  -3.40220E+03 1.00000E+03 
1.45532E+03  -5.08162E+03 6.30957E+02 
2.93058E+03  -7.25189E+03 3.98107E+02 
5.45032E+03  -9.60105E+03 2.51189E+02 
8.89929E+03  -1.16249E+04 1.58489E+02 
1.28361E+04  -1.30872E+04 1.00000E+02 
1.66967E+04  -1.43944E+04 6.30957E+01 
2.06578E+04  -1.60404E+04 3.98107E+01 
2.49887E+04  -1.83015E+04 2.51189E+01 
2.98951E+04  -2.12562E+04 1.58489E+01 
3.56979E+04  -2.51575E+04 1.00000E+01 
4.30825E+04  -3.02223E+04 6.30957E+00 
5.28112E+04  -3.57649E+04 3.98107E+00 
6.56289E+04  -4.14462E+04 2.51189E+00 
8.11404E+04  -4.42822E+04 1.58489E+00 
9.82841E+04  -4.32590E+04 1.00000E+00 
1.13522E+05  -3.78007E+04 6.30957E-01 
1.26350E+05  -3.13114E+04 3.98107E-01 
1.37726E+05  -2.23987E+04 2.51189E-01 
1.41984E+05  -1.85685E+04 1.58489E-01 
1.46780E+05  -1.19770E+04 1.00000E-01 
