1.58966E+01  -4.40419E+00 1.00000E+06 
5.23938E+01  1.29072E+01  6.30957E+05 
3.58021E+01  2.27391E+01  3.98107E+05 
4.50041E+01  1.32903E+01  2.51189E+05 
6.91612E+01  7.95713E-01  1.58489E+05 
1.03871E+02  -2.11566E+01 1.00000E+05 
1.62095E+02  -5.71307E+01 6.30957E+04 
2.90438E+02  -2.63848E+02 3.98107E+04 
5.32040E+02  -1.43636E+03 2.51189E+04 
6.11320E+02  -1.20386E+03 1.58489E+04 
5.99129E+02  -9.99075E+02 1.00000E+04 
3.47473E+02  -1.01791E+03 6.30957E+03 
1.72423E+02  -1.02560E+03 3.98107E+03 
2.25980E+02  -1.41577E+03 2.51189E+03 
4.38114E+02  -2.16516E+03 1.58489E+03 
8.95899E+02  -3.24829E+03 1.00000E+03 
1.81367E+03  -4.66400E+03 6.30957E+02 
3.38368E+03  -6.25129E+03 3.98107E+02 
5.61978E+03  -7.66019E+03 2.51189E+02 
8.19667E+03  -8.74710E+03 1.58489E+02 
1.08092E+04  -9.74486E+03 1.00000E+02 
1.35345E+04  -1.08997E+04 6.30957E+01 
1.65018E+04  -1.24891E+04 3.98107E+01 
1.97850E+04  -1.44935E+04 2.51189E+01 
2.37764E+04  -1.73011E+04 1.58489E+01 
2.88310E+04  -2.10311E+04 1.00000E+01 
3.55628E+04  -2.50295E+04 6.30957E+00 
4.48383E+04  -2.92301E+04 3.98107E+00 
5.61652E+04  -3.11173E+04 2.51189E+00 
6.79329E+04  -2.98184E+04 1.58489E+00 
7.87700E+04  -2.59871E+04 1.00000E+00 
8.64422E+04  -2.07610E+04 6.30957E-01 
9.10038E+04  -1.56430E+04 3.98107E-01 
9.51886E+04  -1.15690E+04 2.51189E-01 
9.71544E+04  -7.88680E+03 1.58489E-01 
9.81140E+04  -5.25154E+03 1.00000E-01 
