1.54270E+01  -6.88365E+00 1.00000E+06 
5.37787E+01  1.30749E+01  6.30957E+05 
3.68744E+01  2.30611E+01  3.98107E+05 
4.61952E+01  1.37634E+01  2.51189E+05 
7.09252E+01  1.14225E+00  1.58489E+05 
1.06159E+02  -2.08547E+01 1.00000E+05 
1.65691E+02  -5.57239E+01 6.30957E+04 
2.95669E+02  -2.57306E+02 3.98107E+04 
5.47459E+02  -1.39270E+03 2.51189E+04 
5.55839E+02  -1.21369E+03 1.58489E+04 
5.96450E+02  -1.00048E+03 1.00000E+04 
3.74791E+02  -1.00639E+03 6.30957E+03 
1.90768E+02  -1.01780E+03 3.98107E+03 
2.96067E+02  -1.39583E+03 2.51189E+03 
5.72925E+02  -2.10065E+03 1.58489E+03 
1.14901E+03  -3.04358E+03 1.00000E+03 
2.18939E+03  -4.11640E+03 6.30957E+02 
3.72248E+03  -5.06641E+03 3.98107E+02 
5.51832E+03  -5.73675E+03 2.51189E+02 
7.32006E+03  -6.17635E+03 1.58489E+02 
9.07607E+03  -6.71477E+03 1.00000E+02 
1.09749E+04  -7.40425E+03 6.30957E+01 
1.30777E+04  -8.42116E+03 3.98107E+01 
1.54987E+04  -9.58344E+03 2.51189E+01 
1.85923E+04  -1.10160E+04 1.58489E+01 
2.25178E+04  -1.22958E+04 1.00000E+01 
2.70654E+04  -1.25205E+04 6.30957E+00 
3.17783E+04  -1.16232E+04 3.98107E+00 
3.58186E+04  -9.51536E+03 2.51189E+00 
3.88024E+04  -7.52903E+03 1.58489E+00 
4.01081E+04  -5.20509E+03 1.00000E+00 
4.11259E+04  -3.67918E+03 6.30957E-01 
4.20694E+04  -2.62619E+03 3.98107E-01 
4.17624E+04  -1.80547E+03 2.51189E-01 
4.11173E+04  -8.93338E+02 1.58489E-01 
4.17471E+04  -7.64974E+02 1.00000E-01 
