1.66534E+01  -7.50955E+00 1.00000E+06 
5.48271E+01  1.24305E+01  6.30957E+05 
3.80889E+01  2.36719E+01  3.98107E+05 
4.78393E+01  1.39301E+01  2.51189E+05 
7.32736E+01  1.01665E+00  1.58489E+05 
1.09664E+02  -2.13434E+01 1.00000E+05 
1.70760E+02  -5.63653E+01 6.30957E+04 
3.05134E+02  -2.53676E+02 3.98107E+04 
5.75459E+02  -1.34360E+03 2.51189E+04 
6.43389E+02  -1.16189E+03 1.58489E+04 
5.91818E+02  -9.93575E+02 1.00000E+04 
3.80885E+02  -1.00011E+03 6.30957E+03 
2.53292E+02  -1.00331E+03 3.98107E+03 
3.68491E+02  -1.38573E+03 2.51189E+03 
7.35687E+02  -2.01983E+03 1.58489E+03 
1.41445E+03  -2.77707E+03 1.00000E+03 
2.47878E+03  -3.47000E+03 6.30957E+02 
3.78320E+03  -3.91755E+03 3.98107E+02 
5.09149E+03  -4.15388E+03 2.51189E+02 
6.32245E+03  -4.32037E+03 1.58489E+02 
7.54373E+03  -4.61631E+03 1.00000E+02 
8.87286E+03  -4.95510E+03 6.30957E+01 
1.03848E+04  -5.46795E+03 3.98107E+01 
1.22051E+04  -5.98279E+03 2.51189E+01 
1.43673E+04  -6.28745E+03 1.58489E+01 
1.66708E+04  -6.05065E+03 1.00000E+01 
1.87743E+04  -5.22340E+03 6.30957E+00 
2.04190E+04  -4.12414E+03 3.98107E+00 
2.10309E+04  -2.93459E+03 2.51189E+00 
2.17962E+04  -2.09147E+03 1.58489E+00 
2.20033E+04  -1.37171E+03 1.00000E+00 
2.20341E+04  -7.74776E+02 6.30957E-01 
2.18813E+04  -6.11871E+02 3.98107E-01 
2.17074E+04  -3.23451E+02 2.51189E-01 
2.17387E+04  -1.50425E+02 1.58489E-01 
2.16873E+04  -1.27173E+02 1.00000E-01 
